-0.459534
-0.552397
0.182836
-0.186390
0.001723
-0.126556
-0.314925
0.376674
0.041321
0.599524
0.216795
0.596602
0.588611
-0.334221
0.468575
-0.194861
-0.234506
0.139674
0.054992
-0.178902
0.397926
0.018796
-0.066316
0.045575
0.661232
-0.184060
-0.227362
-0.283924
-0.019828
0.057881
-0.026056
-0.377524
0.321960
0.799232
0.376163
0.172962
-0.100901
0.092776
0.543597
-0.749490
-0.125367
0.097890
-0.103490
0.235229
0.172493
-0.006918
-0.083320
0.629911
0.617752
0.826400
0.551433
-0.367453
0.023305
0.003742
0.286228
0.334573
0.188779
0.163817
0.393440
0.411371
0.650169
-0.048275
-0.050272
-0.558491
-0.027464
0.169213
-0.506530
-0.187458
0.209856
-0.146273
0.053691
0.194989
0.665855
0.018860
0.075568
0.074915
-0.126741
0.222373
0.297024
0.265577
0.056849
0.366659
0.545886
-0.266810
-0.241884
0.282176
-0.319322
0.302168
0.089929
0.329008
-0.246645
-0.201992
0.351814
0.642746
-0.345202
-0.319215
0.098149
0.358632
0.327944
1.121053
-0.046615
0.243100
0.779668
0.182056
-0.336303
-0.182862
-0.628571
-0.475525
-0.020806
-0.467151
-0.293691
-0.517283
0.620209
1.307490
0.201565
-0.568275
-0.466469
0.073942
0.153663
0.305982
0.162747
0.571518
0.582413
-0.318800
-0.271341
-0.130874
-0.069958
0.026897
-0.125023
0.024159
0.303367
0.487747
-0.021637
0.092897
0.172072
-0.562630
0.207653
0.592727
0.421216
-0.305472
-0.040740
-0.453934
-0.345002
-0.171192
0.068050
-0.216483
-0.066975
-0.121559
0.025886
0.065337
0.387789
0.523408
-0.374821
-0.225036
0.014130
0.227525
-0.275544
-0.023146
0.079906
0.204297
0.221210
0.164054
-0.302217
0.174871
-0.247773
0.283144
0.209437
-0.397194
-0.393651
0.083086
-0.076347
-0.225559
0.420220
0.052279
0.431607
-0.354124
-0.085651
-0.444494
-0.110288
0.233132
1.161639
1.643973
0.209687
-0.333101
0.040075
0.216272
-0.035608
0.437445
-0.355713
-0.565483
-0.223951
0.149853
0.129658
0.049128
0.302424
-0.324051
-0.528509
0.024788
0.027402
-0.443860
-0.153999
-0.002384
-0.059890
-0.330193
-0.146781
-0.389444
-0.025374
-0.035556
0.034180
-0.047835
0.014463
-0.383496
0.286549
0.788864
-0.187882
-0.516422
0.029390
-0.650416
-0.087876
-0.040127
-0.183230
0.215545
0.028408
-0.265486
0.033181
-0.121929
-0.064007
-0.422675
0.091510
0.429628
0.337437
-0.193041
-0.291474
-0.166759
-0.142591
-0.244122
-0.165386
0.304054
-0.268278
0.073605
-0.476510
-0.287937
-0.052355
-0.211951
-0.099685
0.096869
0.419122
-0.024318
-0.248585
-0.054591
0.036566
0.019753
-0.113471
-0.139679
-0.152321
-0.047547
0.319621
-0.350813
-0.034406
0.248467
0.603138
-0.505221
-0.152652
0.070129
0.323385
-0.231654
0.288669
0.197591
-0.416617
-0.400503
0.051475
0.318059
0.084790
0.379649
-0.454573
-0.026958
0.167899
0.042397
-0.073076
0.349251
0.100762
-0.284413
-0.390408
-0.321196
-0.254329
-0.209144
-0.614268
-0.581507
-0.372000
0.497998
0.540501
-0.314089
-0.300343
-0.055175
0.193349
0.089694
0.336787
0.046248
0.080681
-0.477277
0.866708
0.616560
-0.296930
-0.096238
-0.134513
0.060979
0.477747
-0.230917
0.229507
0.234712
-0.339111
0.208898
-0.427258
0.076163
0.373070
0.436097
-0.353507
-0.550694
0.303803
-0.195849
-0.357575
-0.173940
0.158455
-0.207799
-0.176099
0.072286
-0.317995
0.136132
-0.130343
0.430356
0.446866
-0.037450
-0.289344
-0.029657
0.341571
0.260774
-0.092677
0.083935
0.228221
0.184839
-0.412684
-0.203363
0.351206
0.308119
0.088301
-0.104844
0.190846
-0.037163
-0.247213
-0.287928
0.088188
-0.286408
0.435793
-0.272383
-0.162076
0.262775
-0.529452
-0.062806
0.340991
-0.478885
-0.056572
-0.192737
0.045068
-0.233611
-0.151541
0.002113
0.179303
-0.211925
-0.312348
-0.113303
-0.067007
-0.461028
-0.374639
-0.040728
-0.315204
-0.134256
-0.135624
-0.260594
-0.201323
-0.545847
0.133759
-0.236198
-0.332525
0.450381
-0.051276
-0.033045
0.239941
-0.287394
-0.024469
0.492142
0.045236
-0.333600
0.152490
0.205608
-0.297281
0.057885
-0.141160
0.067138
-0.095030
0.212241
0.274904
0.172695
-0.124046
-0.580157
-0.230823
0.332558
-0.090713
0.336134
-0.111265
-0.104879
-0.047188
-0.063515
-0.045758
-0.271688
-0.229035
-0.162487
-0.121833
0.634163
-0.321113
-0.272309
-0.075995
0.128070
-0.183549
-0.012518
-0.256131
-0.343810
0.014570
-0.035046
0.343026
-0.126073
-0.460834
0.024515
-0.079824
-0.198392
-0.239249
0.087356
-0.253713
-0.275363
-0.139648
-0.032768
-0.165231
-0.109518
-0.061297
-0.123654
0.166449
-0.037316
0.391264
-0.187300
-0.423447
-0.058552
0.061187
0.259542
-0.086885
-0.140462
0.014473
0.253396
-0.239309
-0.181378
0.235234
-0.088565
0.023367
-0.027181
0.003451
-0.034952
0.187842
-0.084449
0.134792
0.481258
-0.169709
0.063991
-0.102753
0.139976
0.056447
0.098680
-0.043491
-0.132045
-0.425984
-0.305540
-0.010161
-0.107231
-0.174612
0.337946
-0.040153
-0.146203
-0.103847
-0.060476
-0.184278
-0.085048
0.150185
-0.190848
