-0.653114
-0.672939
0.308978
-0.259361
0.017748
-0.222737
-0.391415
0.573109
0.063942
0.813539
0.035077
0.885898
0.850070
-0.495470
0.742860
-0.161819
-0.386347
0.180668
0.105546
-0.243771
0.566004
0.060292
-0.015687
0.134964
0.919865
-0.257639
-0.289899
-0.684685
0.074266
0.174473
-0.072579
-0.502877
0.476589
1.093606
0.619907
0.550627
-0.045065
0.420901
0.811022
-1.126915
-0.185967
0.096755
-0.078819
0.338332
0.201760
-0.079224
-0.095227
0.857424
0.896857
1.303943
0.744142
-0.607853
-0.043836
-0.079337
0.351148
0.461841
0.192726
0.249510
0.555166
0.485930
0.811836
-0.085430
-0.055802
-0.756499
0.027943
0.257227
-0.677051
-0.227204
0.257261
-0.265658
0.093699
0.307064
0.443865
0.097239
0.227055
0.318435
-0.090400
0.366397
0.394837
0.364262
0.065472
0.458473
0.814546
-0.325060
-0.241861
0.419909
-0.350806
0.444362
0.109544
0.529163
-0.306646
-0.161823
0.643229
0.855264
-0.499021
-0.453513
0.113343
0.533095
0.477579
1.874016
-0.084744
0.382046
1.084836
0.373937
-0.443408
-0.287588
-1.033473
-0.678589
-0.113064
-0.649256
-0.439492
-0.738640
0.733276
1.816970
0.185925
-0.865932
-0.591701
0.063140
0.180580
0.394674
0.233969
0.877289
0.701054
-0.424003
-0.398721
-0.217215
-0.167224
0.019802
-0.180270
0.060893
0.365263
0.803608
-0.090893
0.192816
0.142550
-0.763955
0.273292
0.870308
0.450669
-0.344460
0.016562
0.021379
-0.554016
-0.228531
0.145132
-0.268364
-0.106144
-0.241970
0.005063
0.021961
0.505188
0.730396
-0.709300
-0.265914
0.085938
0.403335
-0.272221
-0.078726
0.045484
0.367358
0.216841
0.163086
-0.315228
0.345582
-0.153366
0.428792
0.239884
-0.515108
-0.569386
0.054348
-0.098085
-0.287597
0.634536
0.095495
0.576509
-0.531827
-0.082557
-0.646733
-0.168499
0.344271
1.825719
2.251119
0.330308
-0.352950
0.017417
0.286838
-0.035079
0.725672
-0.530401
-0.965326
-0.429901
0.185777
0.115557
0.109332
0.479331
-0.475290
-0.919959
-0.139940
-0.027149
-0.585892
-0.145491
0.021778
-0.144593
-0.579265
-0.289368
-0.574845
-0.006247
-0.080805
0.137188
-0.051045
0.024066
-0.553542
0.469808
1.236312
-0.176415
-0.758962
-0.014215
-0.857664
-0.115328
-0.077807
-0.067839
0.334271
0.126684
-0.474401
0.079059
-0.093400
-0.016518
-0.595472
0.014856
0.611704
0.463248
-0.377961
-0.441167
-0.311536
-0.230098
-0.256635
-0.178703
0.544708
-0.379173
0.109027
-0.640588
-0.362640
-0.071369
-0.408233
-0.213116
0.113658
0.681559
-0.050892
-0.388174
-0.071987
0.095689
0.059233
-0.206594
-0.286511
-0.202153
-0.062967
0.527712
-0.538835
-0.029436
0.328198
0.899370
-0.775047
-0.173862
0.100267
0.511529
-0.333860
0.351509
0.193247
-0.586230
-0.662265
0.069198
0.469933
0.126587
0.468735
-0.686555
-0.061562
0.242086
0.032270
-0.108313
0.621114
0.164995
-0.367380
-0.577736
-0.501447
-0.424025
-0.285959
-0.915067
-0.767753
-0.680509
0.661690
0.564890
-0.574462
-0.460436
-0.129198
0.302697
0.125797
0.478237
0.087606
0.134282
-0.751780
1.206260
0.833653
-0.513624
-0.131472
-0.181702
0.069102
0.664333
-0.225717
0.389531
0.353203
-0.588602
0.341496
-0.734654
0.114483
0.517939
0.560946
-0.472344
-0.846652
0.461698
-0.341564
-0.511210
-0.277466
0.223597
-0.348528
-0.278535
0.024776
-0.410046
0.187593
-0.135844
0.656280
0.646991
-0.046285
-0.423066
0.024596
0.449510
0.432977
-0.131474
0.111064
0.352506
0.306125
-0.663586
-0.285901
0.573107
0.434074
0.109546
-0.171148
0.228065
-0.029053
-0.278393
-0.496869
0.109632
-0.396055
0.543490
-0.442877
-0.287732
0.362855
-0.800502
-0.052473
0.573589
-0.844715
-0.079631
-0.306891
0.049491
-0.475598
-0.209630
0.064665
0.161691
-0.381500
-0.451240
-0.053152
-0.146535
-0.775584
-0.551362
-0.083400
-0.483247
-0.211462
-0.231021
-0.409517
-0.280908
-0.781380
0.200394
-0.432588
-0.437582
0.530998
-0.051860
0.048534
0.369990
-0.437495
0.105743
0.649560
-0.036592
-0.549575
0.245459
0.311823
-0.428613
0.108582
-0.214034
0.167620
-0.115686
0.308016
0.430299
0.170574
-0.153481
-0.951512
-0.275425
0.483673
0.013012
0.469058
-0.208620
-0.095622
-0.037806
-0.086027
-0.028901
-0.475787
-0.365431
-0.212704
-0.122634
0.883827
-0.493161
-0.489760
-0.199188
0.180429
-0.269209
-0.101159
-0.347277
-0.470689
0.037554
-0.018608
0.471527
-0.193389
-0.725228
0.065193
-0.093887
-0.285084
-0.324840
0.146672
-0.399481
-0.444341
-0.253679
-0.008740
-0.271268
-0.187707
-0.010021
-0.178267
0.414167
0.004914
0.279731
-0.267133
-0.608468
0.014438
0.078870
0.445017
-0.147821
-0.148473
0.070035
0.444856
-0.354989
-0.286208
0.332484
-0.132417
0.053730
-0.041086
-0.023149
-0.056586
0.174410
-0.115351
0.268062
0.729899
-0.338543
0.111803
-0.160352
0.344468
0.044070
0.117410
0.247022
-0.175599
-0.603425
-0.491439
0.033693
-0.156836
-0.289818
0.531865
-0.027728
-0.216301
-0.208446
-0.013451
-0.262335
0.028631
0.194180
-0.209260
