-0.615103
-0.661237
0.313912
-0.252095
0.017618
-0.208467
-0.387965
0.559914
0.064153
0.792335
0.039255
0.851135
0.797932
-0.480161
0.689188
-0.151514
-0.391862
0.178165
0.097760
-0.251649
0.554924
0.055154
-0.011025
0.124406
0.892113
-0.235550
-0.297295
-0.789215
0.065532
0.160422
-0.061138
-0.476578
0.464963
1.054267
0.598193
0.548055
-0.044837
0.550048
0.783447
-1.055802
-0.192692
0.116854
-0.084538
0.345685
0.208516
-0.075704
-0.091272
0.821182
0.869217
1.226203
0.729014
-0.580699
-0.034550
-0.062174
0.350670
0.474416
0.187589
0.247304
0.550468
0.476555
0.797015
-0.083339
-0.045958
-0.731090
0.020336
0.256016
-0.690370
-0.223997
0.248882
-0.247546
0.092162
0.305164
0.430002
0.089962
0.214691
0.314402
-0.128851
0.361296
0.390743
0.365321
0.065731
0.436638
0.775353
-0.322536
-0.240800
0.412880
-0.336789
0.428042
0.108741
0.515142
-0.300214
-0.165454
0.612515
0.830106
-0.438492
-0.421668
0.123979
0.537386
0.497405
1.570375
-0.064043
0.381352
1.043079
0.364574
-0.427298
-0.264180
-0.839957
-0.654510
-0.090951
-0.624205
-0.414198
-0.711796
0.705891
1.735634
0.189832
-0.831429
-0.584710
0.079754
0.183795
0.368440
0.227519
0.828271
0.686265
-0.417170
-0.388314
-0.209809
-0.160716
0.024157
-0.181194
0.061698
0.367225
0.771353
-0.083646
0.189524
0.142055
-0.747053
0.278422
0.862123
0.483384
-0.328327
0.008696
0.019491
-0.544664
-0.218349
0.136159
-0.268359
-0.099715
-0.214021
0.005278
0.018128
0.501095
0.701409
-0.695835
-0.267819
0.078739
0.398785
-0.275869
-0.071402
0.045038
0.372150
0.217966
0.163960
-0.306782
0.335034
-0.233182
0.444237
0.243591
-0.499840
-0.543111
0.069854
-0.091902
-0.282498
0.612615
0.093062
0.566886
-0.533361
-0.086408
-0.629559
-0.155022
0.331778
1.712515
2.252266
0.331489
-0.343842
0.025757
0.289391
-0.028040
0.706597
-0.499768
-0.916524
-0.399563
0.191728
0.132321
0.106393
0.478114
-0.459274
-0.887544
-0.121101
-0.007848
-0.576599
-0.165989
0.025203
-0.149829
-0.549531
-0.276290
-0.563928
-0.008912
-0.076587
0.138889
-0.055572
0.026167
-0.551734
0.471061
1.176852
-0.176197
-0.753289
-0.021353
-0.833779
-0.120310
-0.081258
-0.268225
0.320282
0.108167
-0.468442
0.075735
-0.112209
-0.041706
-0.579989
0.020078
0.602698
0.448431
-0.374476
-0.440671
-0.301811
-0.228362
-0.253412
-0.176819
0.521773
-0.363172
0.115847
-0.620888
-0.354999
-0.067371
-0.388341
-0.215389
0.115594
0.666421
-0.048567
-0.391778
-0.069756
0.094135
0.054828
-0.202862
-0.275627
-0.188080
-0.055801
0.525139
-0.530136
-0.031479
0.323314
0.868920
-0.754951
-0.165384
0.117938
0.509127
-0.318578
0.346949
0.192946
-0.581267
-0.637672
0.074411
0.466547
0.128180
0.460707
-0.634619
-0.055174
0.256795
0.038222
-0.103379
0.546536
0.153033
-0.368106
-0.581274
-0.480863
-0.423120
-0.288880
-0.879084
-0.751501
-0.651156
0.640467
0.542675
-0.547120
-0.439992
-0.115086
0.309885
0.131285
0.469675
0.090445
0.148488
-0.710262
1.159596
0.818193
-0.505374
-0.124268
-0.187517
0.076027
0.660760
-0.246664
0.381520
0.354765
-0.572360
0.352543
-0.708368
0.112673
0.499609
0.544260
-0.454543
-0.818670
0.454966
-0.328240
-0.506373
-0.283765
0.215748
-0.347271
-0.274525
0.025699
-0.398638
0.200495
-0.142120
0.612465
0.618770
-0.043881
-0.420197
0.027767
0.452170
0.455446
-0.139045
0.116047
0.341764
0.304907
-0.656221
-0.290384
0.565183
0.439201
0.104399
-0.178569
0.224893
-0.034347
-0.283115
-0.489243
0.113213
-0.383550
0.529907
-0.431684
-0.287696
0.360296
-0.776924
-0.068262
0.569936
-0.810315
-0.073706
-0.289455
0.049127
-0.450991
-0.197570
0.062981
0.161482
-0.382929
-0.430411
-0.050334
-0.136051
-0.745832
-0.538456
-0.073153
-0.472349
-0.217875
-0.240792
-0.411651
-0.282182
-0.743505
0.202589
-0.412027
-0.423839
0.524474
-0.071889
0.032460
0.357514
-0.433028
0.097655
0.634959
-0.021888
-0.540301
0.240602
0.319333
-0.409611
0.098357
-0.210280
0.161852
-0.116363
0.297386
0.416893
0.184131
-0.144954
-0.908462
-0.286410
0.495235
0.024391
0.455110
-0.197458
-0.089246
-0.039428
-0.076424
-0.029132
-0.477369
-0.373330
-0.211987
-0.131431
0.854902
-0.480016
-0.468312
-0.187689
0.188788
-0.267114
-0.096493
-0.348633
-0.510424
0.055133
-0.020178
0.465858
-0.209203
-0.701083
0.072742
-0.083657
-0.283871
-0.331180
0.142868
-0.399114
-0.442570
-0.245842
0.010622
-0.282548
-0.187481
-0.009519
-0.178396
0.402628
0.001165
0.287421
-0.258419
-0.595552
0.019943
0.075963
0.432747
-0.142147
-0.142976
0.068005
0.431971
-0.361152
-0.289697
0.326738
-0.134976
0.061894
-0.038204
-0.020928
-0.051914
0.201343
-0.119671
0.252392
0.702954
-0.331465
0.115271
-0.158626
0.323723
0.055237
0.126572
0.212345
-0.183907
-0.590644
-0.490024
0.036339
-0.155807
-0.289960
0.514956
-0.016397
-0.221711
-0.213680
-0.030491
-0.266212
0.011927
0.195569
-0.207647
