# Design_point
1.186951
-2.597204
-0.708011
-14.562402
-6.641041
3.403868
6.492620
-3.056107
6.092571
6.560818
7.104574
3.611779
2.969446
-8.307485
-10.711726
-1.323028
-1.917533
7.947518
6.106636
3.560565
1.397985
-14.217827
10.486266
12.655819
4.987175
6.610370
-4.274057
4.884564
-1.966180
-13.042679
-5.544674
-5.749649
6.456303
13.654648
-1.816620
-4.545908
8.224422
-2.205515
9.138412
-9.925357
-5.536160
-0.909122
-4.987156
7.821545
4.884226
5.588233
5.734673
11.793378
11.950351
13.760418
10.039443
-18.548470
-5.727983
-1.666164
4.039555
8.471829
0.117402
10.594228
-4.827579
-0.383365
0.767728
6.952800
10.228045
-2.817351
3.483400
-8.145872
9.846198
1.302398
5.126050
-4.845919
4.868876
4.069773
2.624273
-6.496759
-8.966649
-5.327941
-2.991545
2.854132
4.880904
6.006255
5.535597
11.767715
8.115463
0.452177
-5.927104
5.286277
-3.899399
5.644626
-4.838469
-9.132514
8.350422
1.491048
-3.604629
-1.466129
-12.636720
-13.658368
-8.483391
1.374051
-4.899560
6.044535
0.399103
11.517212
7.528156
5.164688
-4.932296
-11.343863
-0.762380
3.663921
-10.464869
-8.860672
8.330915
8.465788
0.410718
13.262495
10.463262
-11.016526
1.047057
2.896620
-2.682277
3.057775
3.918114
0.739387
16.158498
-3.519601
-13.498389
-3.288577
6.782580
-6.348440
-0.256433
12.379997
2.387311
-2.666323
-2.004272
4.246851
1.954462
-0.290921
3.864054
10.347668
3.185234
2.925384
5.242227
7.795688
-9.805535
-7.752102
-2.556932
1.594823
9.374817
-5.650232
7.146970
6.434947
8.680086
5.900786
-14.351426
-0.796571
7.571242
-3.298229
1.956279
-3.608009
8.130650
7.947676
8.308239
5.334662
-2.835276
4.090225
-0.178039
-0.261554
1.803045
-16.508910
6.500780
-3.641397
3.294585
-9.172838
10.253667
4.804116
8.685336
-1.274325
-5.084892
5.138280
9.080415
-2.828126
0.989511
4.602677
10.841320
-10.172171
-2.588366
3.301170
-3.112417
-0.559168
3.116444
-4.188553
-10.588689
-3.386440
3.756719
1.256508
1.891013
-6.566589
-12.561907
-5.360267
0.099048
1.838741
-11.946339
4.552362
-1.840155
2.818111
3.088932
7.716351
1.643923
13.743094
11.757442
-3.191443
-17.489255
-3.969456
2.304187
5.527448
1.706834
-1.076933
-6.569141
6.103306
-3.372394
6.821978
3.067450
-3.705045
3.530485
-6.398148
1.515362
-10.732102
4.022134
1.281759
-2.566575
5.269831
3.358669
-0.423231
-3.325076
-3.657063
-6.551938
5.224484
2.619422
2.816460
1.514691
-0.408437
-5.931873
-7.564535
-4.122617
-8.599959
5.348928
3.231076
1.652801
-0.469029
-2.885392
5.217185
4.130043
5.459650
16.231074
-4.743765
-6.306490
-8.989422
-6.247953
-4.374568
4.011179
-3.993261
4.852048
-8.908056
-9.309839
2.748429
3.407418
-9.482056
-1.306726
13.867062
-5.507617
2.431530
-5.646773
10.994959
-3.478394
6.500999
-2.719955
-9.391257
0.030662
3.845936
-1.135117
1.602277
-1.578118
-1.507118
-3.948700
-3.036404
-2.800939
0.451498
-7.593454
0.104907
-3.947238
0.490383
-3.071325
0.504303
4.329200
5.281407
-2.747183
2.618930
3.699109
-1.346575
-0.532359
-1.495424
6.940296
14.171109
2.599934
0.039191
11.545823
5.613689
8.695492
5.437964
6.337816
-6.433447
-12.159116
2.847981
-6.615153
4.369151
11.711791
13.962870
6.351514
-0.487514
0.368244
5.743258
2.325185
-2.471368
4.479141
-1.371014
0.749160
5.033192
-1.581667
2.404269
-2.308359
-2.581020
-3.763893
-8.756674
-6.291520
-2.922761
-3.818884
1.817752
-0.275552
0.265113
11.105240
-12.528347
4.208766
-3.827521
-0.142275
6.306700
3.631463
4.224348
-10.384116
-4.267852
1.442056
-3.944627
2.785192
6.857553
-0.737988
-0.714742
-6.442593
-5.501471
3.645106
-8.281735
0.263916
-5.634449
-3.154319
2.348142
-0.168717
-11.526324
7.957683
11.782079
-4.078592
-11.229461
-12.051176
13.660023
2.387355
-8.321047
7.502149
4.896294
1.508901
4.164563
-3.018696
-7.869825
-7.050522
4.395089
-7.489711
-8.057972
-4.047637
4.613631
-2.755746
5.520992
-7.469003
1.828141
-3.690868
13.383415
-1.817431
3.381401
-0.589934
3.321995
-4.041639
-7.811307
-1.084395
6.386706
-1.912180
-5.446134
-2.961698
-1.079013
4.951264
-5.941941
-5.260190
12.021650
9.895184
7.757091
2.126066
5.687068
-6.185125
-6.557567
-11.121755
-3.416778
5.092069
-5.789912
-11.973859
8.326644
-7.183356
-1.224613
-5.837714
-3.377530
-4.246777
-2.982470
-0.778853
-6.614158
-6.899847
8.471854
-7.148116
-4.223963
-3.538029
2.892120
-1.729818
1.663428
-5.304938
6.375150
-12.616654
-1.510702
-5.245617
5.920395
-1.270037
-7.462480
1.259970
-2.063202
-0.074374
0.251198
-11.691737
-7.490159
-1.652131
-2.392035
0.727854
7.889007
2.325908
0.740740
-0.567211
13.242031
-7.366957
-6.612567
2.180334
-2.367466
-8.424066
-6.911335
-5.101746
-5.228777
-1.501536
-10.021832
-2.190674
-2.261001
-5.118438
-0.904738
-9.137431
7.459634
1.385189
8.263403
-3.416189
-5.126014
-0.199085
-11.517415
-0.859338
-5.921192
8.803522
4.565226
-6.055815
-5.692590
-9.689949
-1.267667
-5.864819
-6.337721
-4.371547
10.313086
